661

811000 (8.). Carth. 111111.6(.111,111.
,ffissssgffiffifflffffissbffiffssf'xffiffss mv, 1., 11,

0018818008, 6668666166 116116 de NovIgontoCLVI,

GRCGOIIIUS (S.) 6166, LXXXIX, 603.
8011010008, 111611166611166161. CCXII, 761.
1616661661111111,111111 ..cdxxx 1111.
(11108018018. (8166610661 CVII. 1171.
nuso 16 616666 1161611661116, 111.
10000000108111,61 1, 00101136.
18100808 (8.), 8166116111. 66166.. 1111011396.
1601601108, v1. 691.
100 MAGNUS. (8.1. 6666, LIV, 616.
100060881οἃ (8.), 66166. 86666166, XCVI, 669.
6110811018 (6666116161611, CXXXV, 911.
Ρ110108 I (8.). 6666, LXXXIX. (116.
901808 0111116018, (8 ), CXLV, 618.
801808. 061116061661111166166, CCXIII, 601.
8008011008, Ρ61161666. 66166.. CLXXIII, IIII.
8109111008, 1611166661. 66166.. CCXI, 669.
³0‘Iss'IIOIIIS (S.), 0161611. archiep.. 616161111010,
LXxEffing 0081001108, 6611666. Pium..
VICI'OII, 01166616, LVIII, 916.

De contritione.

1666611166 (6.), 6166. epm.. xxx11,739; xxxv.
9061101169036. (6.), 1116611116, 111.

6116611166 (6.), 1116166, 6161616161, 552, 161.
ω1661661166 (6.), 111 ,1 11.. 6161166611.
1116611166 qs, 1161616 6116111111, 1111.
66161666111111. 111, 6611111, 111, 111, 111.

De fidelitate.

8080118008, 66616 claravallensis, CLXXXII,
3801611666 11, 6161, 6611111111.

0600Το8, 161011, (111.

(1081101108, 6116 661186166611661 ,010111 196.

80110 00 8100 00101080. 01 XVII, 91.

10000001108111, 161, CCXIV, 16, 669. 167, 766(
ffifoIae'IIgg' 697, 606616, 866971, 966.(663;00111,

IVO (8.). 0616111. 66166, CLXII, 613, 336. 366.

1010088, cognom. 86161661166611, 011661. 66166,
ω101000216008166161, 6111 1166611616 8616011101,
151000860008. 01111661. 6166166011, 617, 667.

1000188101008661166116, ot 061166 01666116-
meh.. CLXXIII, 906.

008001111008. 1. 966.

0811100811, 6166, 011, 376, 116.

11 fletu.

8116808108 ξ), 9166161. 16166, XIV. 911; XV,
ἱὶἒ108010081811 0216111661. 16116.. CLVIII, 899, 693,
1000811008 (8111111601 XXXV, 1763.
8111001008,01611111666161166166166. CCIV, 666.
6116661666 1116166 (6.). 6161, 61611. 1161, 1111.
0108001008 (8.), XXIII, 019( XXV, 611.
11111810818.),66116., IX, 939.
lvo (8.), 61166.01166116116,01111, 611, 618.
1010088001. 6161, 01101660.
Ρ81808 0111111008 (8.),01111, 961, 611, 619.
81811008 1110808, archiep. 1161161..οΧ1, 679, 816.
8111108108, Veronensis 16166, CXXXVI, 667.

06 66111116.

8360111088001086101611 9166166166166616,010110,
1111008 00 1080118. CCX, 138.
11001008, 166.. C, 11, 961.
11100008. 16661616611166166, CLXXXVIII, 1391.
8613808108 (8.), 1166161. 66116.. 1111880, (501.
10801008 (8.). 0661661. 11611166..011’111, 666181.
1000811008 (8.1. XXXII, 196, (189, (937 ; XXXIII,
1086 · XXXIV. (6061601 1168 (569) XXXV, 911, 669,
mwmmmfflmmmm,

INDEX 08 0181011808.

Iex

1796, 1791. 1661, 1616, 1636; XXXVI, 119, 861, 936,
1169; XXXVII, 360.
8008010108 (8.), 861166661616616, CIII, 616.
8080111008 (8.), 66661 clarevallem, CLXXXIII,
6671 CLXXXIV, 961ς CLXXXV, 115.
88000 (8.), ord. 01111166166111.. CLIII, 361, 668.
01Ρ8111008(8.), IV, 618. 351, III. 131, 666.
6⁴{II-DIIIERUS, 0161661. monach, CLIII, 667, 610, 669,

Ξ9ξ’Ῑὲῑὶξιίξὶὲῑῖ8808110008, 6666, 61161,111,711;611616,

cfflllffiffus, 66666 8166116 1161161 do NovIgenIo,
1111110, 8116611161666. 16116, CXVIII, 883. 889.
(0080011108 (6.), XXII, 611; XXVIII, 19.
800060810816166. 116616 .. CLXXI, 616.
811008860008 junior, 0111111. 1696, 1697.

121100108108, 66666166. 1116111611.,011111, 713, 1169,
11000 00 8. 0101080.0(.111Ἰ, 179 166, 196.

ωἱ(((1)11χο09178,6611116111.81111661116111. 011661. epioe..
LEO MAGNUS (8.), 61. LIV, 697.

88(3180881008111111181066111661, 6166,, CLXXXVIII,

1315111636611161666111111111166,111116111111111,6161,
166166 1111611166 (6.), cxxxv, 111.

8181008 1110808, 61611116. 916 661.. CIX 16.
161611661111111161111, vn, 111, 1116;
CLXVIII, 931, 006 ; CLIX, 31, 130.

CgflIIIffiIBIIHSmde MureIo (S.), 61611111 0161616661.
11101168, 0616161666, CCVI. 675, 860.

08811008 11, 6166, CLI, 638.

Η6511861008, 16661811661. 6106166166616,0111111,

01 6161066116.

11001008. 666, CI, 169.

1088081088), 1161116166.66116., XIV, 316, 331,
6661616. (06.1 76.

1108016108 (8.), 6166166166, CLVIII, 609.

(1000811008 (8.), 66166.. XXXIII, 116. 668, 676,
661. 866. 666 ;1111Ι. 311, 166, 661. 666, 1116. IIII,
11111 XXXVI, 169, 966, 960, 19661987) XXXVII, 90,
{3⁴ ,⁵ XXXVIII, 691) XXXIX, 691) 111, 161, 989, 996.

8001. 11661166, 101, 609 6( seqq.. 512.

8800006111166166.16611161, CLIII, 20, 996. 136.
1ξὶ,1111080016108(8.),6166661, XXII, 1166 ; XXVII,

01100018018016611), 66610111, CXCVII, 296, 991.

1161066 8. VICTORI), CLXXVII, 699, 191.

(0000000108 III, 6161. CCXIV. 65.

1001110008 (8.). 6166, LIV, 916.

0111811018 (666616). 1131611110. 896.

01116108(8.).’166116. 66166..11Ι11.166.

101808 0111111008 (8. . CXLIV, 366.

80100808, monach.. IV. 115.

80001808. 666.. CLXXIII, 106.

80988108. 16111666. 666, CLXIX, III (0111368.
11ξ’0010110811081001110866166.016111,11110111,

WALAFRIDUS 818880861661611, CXIV, 9066.

De 1611101611.

1101100808, Incerto 6661166166.,011111’, 317.

6061108 80880000, CCXI, 611.
873011108800008,61116166.,01100111, 11, 110, 619,

11111008 110 (080118. CCX, 176, 606. 607.

11001008 666.. 0. 91. 139, 166101, 619, 696.

1661166111 16, 66115.

11100808, 1666166116.. CLXXX. 910.

1618808108 (8.), 661666 .. XIV, 1931, 1963, 1396.
1323. 13381311, (666, 1 0. 1691, 1398, 1699. 1110,
1163, (166, 1100. IIII, 1617111( (6111116 61116), 190,
197. 139, 963. 960, 600, 601. 1391.
⁸8⁰AIIJIIIffI US2IS.), 0661661. archiep, CLVIII, 610, 616,

1666611066 (6111611116, 111, 1161111
1111111119. 1316169116, 1066; XXXIV, 1661, 1606,
16901187, 1191.2138;111111.115. IIII, 267, 910, 311,
326. 191, 198110, 911, 906, 931, 1088, 1119, 1198, 1119,
118, 1161, 1166, (906, 1901, 1601, 1999, 1936, 1961,
11161111, 11111111, 1111, 1111, 1111, 1111, 1111

 

